mt6995

cpu 0-2
  3101000 3100000 3000000 2870000 2800000 2700000 2600000 2500000 2400000 2300000 2200000 2100000 2000000 1900000 1800000 1700000 1600000 1500000 1400000 1300000 1200000 1100000 1000000 900000 800000 700000 600000 500000 400000 300000

cpu 3-5
  4351000 4350000 4100000 4000000 3800000 3600000 3400000 3200000 3000000 2800000 2600000 2400000 2200000 2000000 1900000 1800000 1700000 1600000 1500000 1400000 1300000 1200000 1100000 1000000 900000 800000 700000 600000 500000 400000 300000

cpu 6-7
  4551000 4550000 4250000 4050000 3850000 3650000 3500000 3350000 3200000 3050000 2900000 2750000 2600000 2450000 2300000 2150000 2000000 1850000 1700000 1550000 1400000 1250000 1100000 1000000 900000 800000 700000 600000 500000 400000 300000

# gpufreq
  1820000 1794000 1768000 1742000 1716000 1690000 1664000 1638000 1612000 1586000 1560000 1534000 1508000 1482000 1456000 1430000 1404000 1378000 1352000 1326000 1300000 1274000 1248000 1222000 1196000 1170000 1144000 1118000 1092000 1066000 1040000 1014000  988000  962000  936000  910000  884000  858000  832000  806000  780000  754000  728000  702000  676000  650000  624000  598000  572000  546000  520000  494000  468000  442000  416000  390000  364000  338000  312000  286000  260000  234000  208000